time,x,y,z,phi,theta,psi,x_velocity,y_velocity,z_velocity,phi_velocity,theta_velocity,psi_velocity,rotor_speed1,rotor_speed2,rotor_speed3,rotor_speed4
0.06,-5.1246647968e-08,1.95974937307e-07,10.0034403467,0.000195669804547,6.28276765984,0.0,1.37546261165e-05,1.7443370707e-05,0.114672833597,0.00909461443054,-0.0269229675336,0.0,443.8121681115265,441.5973571618649,439.97630651286545,440.72843654232867
0.12000000000000001,1.63861407027e-05,8.05700710372e-06,10.0146141694,0.0010115478783,6.28070216262,0.0,0.000725503568873,0.000319734160118,0.257765499362,0.021352369959,-0.0569254416548,0.0,451.98554825541544,449.5608093823956,449.5096117918892,450.50156114434014
0.18,0.000137247703861,5.83159566966e-05,10.0372272032,0.00238706256903,6.27694141114,0.0,0.00373797463294,0.00151836293935,0.495927106624,0.0258984485309,-0.0778173944775,0.0,479.7741059846931,478.1828263483371,478.5214779590011,478.86735870575995
0.23999999999999996,0.000525713476171,0.000211745146081,10.0725008899,0.00422434693389,6.2726975966,0.0,0.00971690391235,0.003791259842,0.679766221585,0.0387001417318,-0.0593918075035,0.0,462.70121228284364,464.1455560609356,462.1306926260338,463.13878030398985
0.3,0.00136477295783,0.000546573214548,10.1185915571,0.00692476827742,6.26905589164,0.0,0.0186586878297,0.00765638951307,0.856466996399,0.0553165791069,-0.063436777035,0.0,461.90230744355625,461.580769803846,459.82168101109056,461.1370175287821
0.36000000000000004,0.00281971523462,0.00117650950243,10.1749299325,0.0103481027349,6.26487778552,0.0,0.0302780320727,0.0137168970456,1.02133575894,0.0603232909028,-0.0864287248678,0.0,458.27950442126905,456.44477457052284,458.06597552513625,458.4660218118675
0.4200000000000001,0.00501778617174,0.00221766382353,10.2383467786,0.0135613642516,6.25977912871,0.0,0.0434921303336,0.0213267351817,1.09247912692,0.0344400354443,-0.0822245561676,0.0,428.139458253152,428.49072896293967,430.32231949931617,428.1278409204739
0.48000000000000015,0.00820183743862,0.00382723103399,10.3098674108,0.0159819724473,6.25509481293,0.0,0.0631975226486,0.03258647244,1.29132001251,0.0501031933546,-0.070849516459,0.0,468.38487404792176,469.2640206040747,467.57435711957834,468.79360775880076
0.5400000000000001,0.0126370573013,0.00615120437536,10.3919723614,0.0191947469648,6.25032560305,0.0,0.0851207088999,0.045218834276,1.44530821249,0.0596675940927,-0.108656433466,0.0,457.08507735463786,454.0567898534507,455.02338285592214,455.7901360796926
0.6000000000000002,0.0184092955134,0.00925171945437,10.480541217,0.022430207397,6.24362118654,0.0,0.107920398038,0.0584612379287,1.50687673078,0.0388219437611,-0.118751010806,0.0,427.80414790153725,426.9321152519627,427.13621234572116,425.356893405497
0.6600000000000003,0.0258439154904,0.0132957457344,10.5767522763,0.0248059193885,6.23671490102,0.0,0.140700244221,0.0766049161534,1.69984832535,0.0410981468015,-0.10866607962,0.0,466.85542557054526,467.63039384960274,468.53967718341164,468.7172962017015
0.7200000000000003,0.0353102469617,0.0184344864286,10.6825559176,0.0272510446387,6.23045470251,0.0,0.175510325075,0.0949406293975,1.82670178694,0.0400510205045,-0.096848237926,0.0,448.0864551135036,449.03661158537466,448.48999769277793,448.40579931273123
0.7800000000000004,0.046943884641,0.0246989185452,10.7949774155,0.0302747974895,6.22464847805,0.0,0.212855657856,0.114148014169,1.92048309434,0.065628182657,-0.0966153190803,0.0,438.9597730007038,438.97096889890344,437.2316968122954,439.35882365097524
0.8400000000000004,0.061149621535,0.0322939403782,10.9166092571,0.034285248717,6.21987316671,0.0,0.261258109682,0.139477990885,2.13347874646,0.0691610143736,-0.0579865225877,0.0,474.7924285145918,477.74138977705627,474.47081698973625,474.7449697377622
0.9000000000000005,0.0783108421633,0.0414760364794,11.050158416,0.0385347721427,6.21656353402,0.0,0.311145671155,0.167058705586,2.31775249864,0.0739604739444,-0.0500372812732,0.0,468.38465283165635,469.00054194391623,466.7723681601,467.15031802005643
0.9600000000000005,0.0982165844605,0.0522232949931,11.1899537505,0.0426867340674,6.21359862515,0.0,0.352643989445,0.191571736714,2.34199906834,0.0573965417264,-0.0481994586572,0.0,418.2368508720051,418.39519391305083,418.92510571811255,417.48626056313236
1.0200000000000005,0.120984259533,0.0647107435227,11.3357234493,0.0464813914631,6.21045637685,0.0,0.406588324925,0.225069543112,2.51656690671,0.0729254454137,-0.0623874278704,0.0,466.42554841575435,465.31451122791475,465.4798732492914,466.69612815585435
1.0800000000000005,0.147031423535,0.0792773864684,11.4915200311,0.0508549611358,6.20641123566,0.0,0.462048652162,0.260949767143,2.67621991244,0.0728275495269,-0.0800866719925,0.0,463.37448775424804,461.9777107200661,462.09575654502476,462.09193732523875
1.1400000000000006,0.176095929588,0.095825975829,11.6516880767,0.0553788094028,6.20169706763,0.0,0.507171898835,0.291047289198,2.66267910229,0.0800944235959,-0.0756974012056,0.0,407.90981284418405,408.2960534265431,406.8073190296354,407.46251854177666
1.2000000000000006,0.208122162188,0.114378891796,11.8131530912,0.0596641607438,6.1977795337,0.0,0.560751650197,0.327817420873,2.71927591651,0.0419958072139,-0.0499954956005,0.0,430.36635499519025,432.5327542978256,432.41787453466895,429.2001640606948
1.2600000000000007,0.243664939676,0.135375322127,11.980686058,0.0633801694398,6.19438387808,0.0,0.624311728968,0.372393360418,2.86472561713,0.0858039244314,-0.0749912880185,0.0,460.8973374205308,458.9152802303907,457.4147554134267,460.892451408308
1.3200000000000007,0.282897364812,0.158990588048,12.1546744103,0.0685834034536,6.19029244144,0.0,0.683828432686,0.415269490372,2.93461005982,0.0884923976099,-0.057225620973,0.0,437.12526111752766,438.5995215529117,435.6921523443141,435.92324540641954
1.3800000000000008,0.326055470329,0.185487688733,12.3358058961,0.0741351532574,6.18708482238,0.0,0.755094387979,0.468538627755,3.10254931076,0.0995739855852,-0.046832505382,0.0,467.75187543042625,468.5587984000293,467.12088170388085,467.9909479946283
1.4400000000000008,0.373288867973,0.215099284005,12.5242220599,0.0797902344898,6.18403880607,0.0,0.819606930386,0.519066060021,3.17767463487,0.0806224126459,-0.0600993123669,0.0,440.2935743253387,439.1928450866363,441.6499278596191,440.0914812546788
1.5000000000000009,0.424832667312,0.248154030477,12.7208901179,0.0841731391192,6.18023878807,0.0,0.898880193171,0.583248412993,3.37721802442,0.0501969024123,-0.0707430161881,0.0,480.1976343832886,479.3868975962224,479.4667554667982,477.1530762428484
1.560000000000001,0.480526814087,0.28458738772,12.9228465814,0.0870128060896,6.17645185384,0.0,0.957919179015,0.631437320068,3.35463723246,0.040866071653,-0.0510867622538,0.0,409.70654857572805,411.44715253105653,410.26084345534485,409.43302080036113
1.620000000000001,0.540362480913,0.324397093552,13.1284335907,0.0906711329243,6.1730157683,0.0,1.03688683764,0.695849827575,3.49770985898,0.0849658588712,-0.0739989549039,0.0,463.866855327809,462.0617288063478,462.70032167547885,466.1614136611608
1.680000000000001,0.605194826597,0.368306639498,13.3441990496,0.0957312184545,6.16893884755,0.0,1.12459547582,0.768317627188,3.69367283452,0.0830425723427,-0.0579894720521,0.0,481.3091312171244,482.51611960086194,479.5182619874662,479.37738522691023
1.740000000000001,0.674847991397,0.416236208963,13.5671143739,0.10028641284,6.16520604903,0.0,1.19747535719,0.829756702515,3.73655216383,0.0552465990969,-0.0723829189965,0.0,436.34050638361435,435.1342012970202,435.6616809629202,433.33564189350733
1.8000000000000012,0.748786495691,0.467796620436,13.7912654342,0.103760922672,6.16085728291,0.0,1.26749863818,0.889200295136,3.73501783221,0.0627597663851,-0.0726730619982,0.0,420.8001611737316,420.770655385787,421.04854036940793,421.7005985526986
1.8600000000000012,0.827117622274,0.523082271183,14.0162526916,0.107339653707,6.15622973512,0.0,1.34391204718,0.953958805276,3.76430221169,0.0525516130419,-0.0879768312928,0.0,432.01926008480297,430.7218106670643,432.2972115920688,431.43871104824683
1.9200000000000013,0.910307091298,0.582471675325,14.2444306084,0.11015999429,6.15055874771,0.0,1.42954488735,1.02592900693,3.84118131463,0.0326011650034,-0.112660487493,0.0,448.50580022118476,446.48849933438163,448.37625396185797,446.7536429591638
1.9800000000000013,0.998839701378,0.646300282933,14.4778608934,0.112042253361,6.14392339264,0.0,1.52214898324,1.1018134363,3.93927552052,0.0287900548791,-0.106742185598,0.0,455.2910544359658,455.7538429871127,454.9634139999354,454.65847031979183
2.0400000000000014,1.09283137261,0.714532688799,14.7155397282,0.113736611107,6.13722575108,0.0,1.61146475266,1.17270608329,3.98299446754,0.0271145615257,-0.123816891255,0.0,439.81644358776686,438.38841976331827,439.10850250376404,438.96969900543974
2.1000000000000014,1.19284033018,0.787453922118,14.9593750061,0.116372060381,6.12968516055,0.0,1.72287374276,1.25813834401,4.14397796848,0.0653523656758,-0.129678017289,0.0,476.2744127271102,475.8126362677147,475.1152952932091,478.03899933478624
2.1600000000000015,1.29879825057,0.864887144393,15.2070983567,0.120403915411,6.12273387163,0.0,1.80963794998,1.32327065375,4.11333428192,0.0706521561908,-0.097083085571,0.0,415.35947723885425,418.1948540872783,417.14385705139824,417.610146396289
2.2200000000000015,1.41092875774,0.946929615515,15.4581998147,0.1246519703,6.11717578662,0.0,1.92852069729,1.41182372941,4.2558679222,0.0710966280395,-0.084967270174,0.0,472.37980717353213,473.3065141960916,472.9777925901891,473.01553210380877
2.2800000000000016,1.5304014522,1.03444491807,15.7183880374,0.12962703514,6.11252172348,0.0,2.05427286639,1.50574201816,4.41611934771,0.0997204506196,-0.0658286800838,0.0,479.3801613626344,480.82794517647045,478.72156881354783,480.8996552820423
2.3400000000000016,1.65676340646,1.12714301163,15.9838658673,0.135763800655,6.10815941474,0.0,2.15808423603,1.58468265953,4.43278751504,0.106957024871,-0.0922774497904,0.0,438.7520069242413,436.5457855554825,436.2675108144316,436.8806521993423
2.4000000000000017,1.78953752908,1.22476594486,16.2509054963,0.14198516506,6.1025384342,0.0,2.26814238277,1.66992286251,4.46803995684,0.0961949254336,-0.0966513904403,0.0,444.2941722894603,443.92791872741054,444.3208114576037,443.44683028552777
2.4600000000000017,1.92893994908,1.32755320154,16.5196271119,0.147687958209,6.09684283776,0.0,2.37903522855,1.75676049841,4.48890570425,0.0926466740102,-0.0916850747452,0.0,439.9478082080301,440.35111267934764,440.79553486092044,440.50993252307023
2.520000000000002,2.0752296778,1.43575543457,16.790292241,0.153448257593,6.09184735031,0.0,2.49765995569,1.85041342839,4.53270878023,0.101989486283,-0.0702444803217,0.0,448.1160764827839,449.85002422692116,448.22882902404365,448.99528730296504
2.580000000000002,2.22862322741,1.54960486259,17.0630696177,0.159669759799,6.08792860749,0.0,2.61571306228,1.94504114106,4.55939314077,0.106893047503,-0.0569298796231,0.0,444.58916884110363,445.67570128293494,443.57945794617393,443.9913778157236
2.640000000000002,2.38918447509,1.6692603064,17.3375432344,0.166032635817,6.08433926502,0.0,2.73652122877,2.04396204434,4.58922521079,0.104303286269,-0.0663429794933,0.0,446.99311017564213,446.22269169179435,446.53196221948247,446.3304039649788
2.700000000000002,2.55726080343,1.79513331633,17.6147976293,0.172834130593,6.08037860763,0.0,2.86623982105,2.15230469403,4.65188461446,0.1271171614,-0.065355363596,0.0,458.4049649268856,458.4803648176634,456.94278897336267,458.76887438383613
2.760000000000002,2.73297539602,1.92745991676,17.8947740699,0.181217788477,6.07691783719,0.0,2.99110198563,2.25920762616,4.6800814234,0.157322697424,-0.0455892769815,0.0,448.0135395956148,449.61566143394265,447.26562130764404,449.73659947230806
2.820000000000002,2.91574743111,2.06593529931,18.1741470718,0.190779822493,6.07424726439,0.0,3.10143398719,2.35735233629,4.63213358257,0.163166536314,-0.0424337107455,0.0,424.21198144489426,424.4816782846664,424.5397616805749,425.0663341932996
2.880000000000002,3.1054786042,2.21072780724,18.4520463299,0.200629560508,6.0718710435,0.0,3.22301317295,2.46982008506,4.63069181398,0.166080408751,-0.0344731051058,0.0,440.55966248515057,441.21667402757544,440.55366633543355,440.8205115826965
2.940000000000002,3.30188600988,2.36183223916,18.7268894561,0.210676939576,6.07002319033,0.0,3.32399715307,2.56771263132,4.53076642628,0.170071646546,-0.02430868952,0.0,407.4573543656555,408.3648010404675,407.75305701350186,408.1390772084591
3.000000000000002,3.50532757525,2.51989067489,19.000067056,0.220368762698,6.06869713722,0.0,3.45730943309,2.70168054587,4.57441047458,0.133072235283,-0.018015719663,0.0,456.0564761851912,456.5589157853973,458.4456273136124,455.5187868751192
3.0600000000000023,3.71704745883,2.68643070093,19.2770572305,0.228447336321,6.06835593313,0.0,3.59981861689,2.85023046788,4.65769126751,0.137609331131,0.0116419116247,0.0,469.5502611708074,471.84586983633983,470.5942299014608,470.96094596710304
3.1200000000000023,3.93761593086,2.86237196598,19.5604431065,0.236997936691,6.07024840394,0.0,3.75196651385,3.01509345476,4.78736858078,0.150841892414,0.0553880853124,0.0,484.40562251102665,487.6849502032919,487.1619622075786,488.1673890023342
3.1800000000000024,4.16577701563,3.04678165991,19.8449982104,0.246125624336,6.07348958823,0.0,3.85305622649,3.13256040925,4.69787633302,0.154580936458,0.051133292762,0.0,417.5431968375814,417.17389220247986,417.88531196066555,418.2345788872093
3.2400000000000024,4.40043283269,3.23895125443,20.1264758648,0.255621198649,6.07683252389,0.0,3.96833118704,3.27377799017,4.68434212015,0.164746730587,0.0635848714833,0.0,444.3084467833595,445.3303969136821,442.08495963918676,442.9457434161557
3.3000000000000025,4.64256229187,3.44053953031,20.4101195952,0.265269733872,6.08125370673,0.0,4.10190710932,3.44655214236,4.76952130938,0.15147789361,0.0886463504725,0.0,475.6261844335981,477.54571192230475,476.48597313247393,475.4929077674614
3.3600000000000025,4.89342837808,3.65377739937,20.7028731031,0.274169761325,6.08674209573,0.0,4.25914792473,3.66198862834,4.98726817958,0.141168189265,0.096596310886,0.0,518.1191523162756,518.6835699808696,517.3783062792489,516.6690098397827
3.4200000000000026,5.15258825092,3.87881296512,21.0039574887,0.282434502272,6.09263158602,0.0,4.37862862793,3.83975303943,5.04811661499,0.129839725786,0.101109795107,0.0,473.52536984594866,473.88012453248393,474.63907256142375,473.7848710054948
3.4800000000000026,5.41862401021,4.11445719398,21.3079788669,0.289940863936,6.0985409705,0.0,4.48837668612,4.01553693842,5.08531771372,0.113396569442,0.0926588677371,0.0,468.78389600992995,468.13436452805655,468.29448801977196,467.0266332157713
3.5400000000000027,5.69149763252,4.36139144377,21.6162902047,0.296539209177,6.1047604327,0.0,4.60642024962,4.21592828941,5.19071530417,0.102059707691,0.119594743263,0.0,489.99862322301254,492.0053149102849,490.4968764065355,489.6634327790169
3.6000000000000028,5.97042319291,4.61906952928,21.9263589026,0.302533108804,6.11289420627,0.0,4.69025841306,4.37373349026,5.14489620085,0.0951854082179,0.156266158315,0.0,443.3506129410497,446.3702518066314,443.98867117832805,443.4327656098395
3.660000000000003,6.25503857505,4.88777775049,22.2384124155,0.309320027893,6.12311057627,0.0,4.79547867852,4.58349744872,5.25595923513,0.135444957877,0.189210978304,0.0,493.16592399730234,495.61757173581697,492.5185072127246,495.4970086270846
3.720000000000003,6.5453394966,5.1685305971,22.5550197089,0.317471453528,6.13506635616,0.0,4.87976902353,4.77545335186,5.2970793412,0.136667994372,0.214154539157,0.0,474.1786485154003,476.1268125397917,473.92589496945004,474.0357017989659
3.780000000000003,6.84039605145,5.460909483,22.8739945941,0.325946287133,6.14762127983,0.0,4.95390730743,4.97104749386,5.33489964038,0.149106747938,0.197006858835,0.0,475.86255938374785,474.5875111494136,473.55667306448953,474.5298384365964
3.840000000000003,7.13980157732,5.76562595814,23.1965707364,0.335102667532,6.15956703186,0.0,5.02470573908,5.18670882338,5.41673340763,0.158812394519,0.20297082346,0.0,489.7039907912824,490.1822376948699,488.6621032018441,489.40479086931055
3.900000000000003,7.44304526242,6.08314927169,23.5231727317,0.344208583596,6.17131287069,0.0,5.08191690183,5.39797158134,5.46923758516,0.131457977644,0.174738839889,0.0,483.29403105447204,481.19432073709106,483.4352787200373,481.3883958321039
3.960000000000003,7.74909010153,6.41239787118,23.849851904,0.352298385665,6.18139545532,0.0,5.11851769697,5.5774869866,5.41998449322,0.140834576566,0.149269255139,0.0,451.83588832477,449.8033302963038,451.0863466355546,451.85951638642644
4.020000000000002,8.05711045922,6.75246415431,24.1733991246,0.361104585885,6.19051282135,0.0,5.1479057488,5.7585873736,5.36478194367,0.156565909767,0.156845152046,0.0,448.72606550757075,449.3622612850088,449.2098543273834,450.50377561228356
4.080000000000001,8.36674265111,7.10365547064,24.493989111,0.370747930893,6.19991511241,0.0,5.17218899682,5.94836458371,5.32126724265,0.167946076158,0.156423130982,0.0,453.56113230586845,453.5499366641642,453.4604822123395,454.39783959033525
4.14,8.67786519804,7.4673800599,24.8145367647,0.380388349281,6.20889026459,0.0,5.19743068544,6.17627841719,5.36270810417,0.139329595144,0.130203855644,0.0,481.62691124940983,479.6579748386743,484.34403954628124,482.2081497690829
4.199999999999998,8.98996177158,7.84320358975,25.1332493858,0.388761825055,6.21691204938,0.0,5.20506913783,6.35167018499,5.26113082258,0.140010216003,0.139892242086,0.0,435.60090585441935,436.4273598094224,437.2181020212152,437.29325325651206
4.259999999999997,9.30242372169,8.22997986657,25.4466817224,0.397842029952,6.22521165995,0.0,5.20952705362,6.5413489109,5.1864702882,0.167616280696,0.135000331641,0.0,445.3053472551965,444.9225710513874,445.3020815353307,447.5761341385875
4.319999999999996,9.61502737925,8.62847939635,25.7561637634,0.407991308485,6.2336934165,0.0,5.2097690906,6.74249781221,5.12922158448,0.172062442532,0.151739301739,0.0,451.87533465131133,453.2410821321264,451.59508050950296,451.9805531265929
4.379999999999995,9.9274430916,9.0389103212,26.0615702106,0.418136499053,6.2424152462,0.0,5.20324357476,6.93908208945,5.05074730219,0.162359150867,0.127893059594,0.0,445.6898242468295,443.75531964745517,447.21474082593335,446.45059357956166
4.439999999999993,10.2392498282,9.46065332302,26.3608993657,0.427497752658,6.25001422404,0.0,5.18967092563,7.11954388086,4.92694255312,0.138700017861,0.124041832981,0.0,430.6787399321385,430.3679541620912,431.31312663092,429.33317005652634
4.499999999999992,10.5501670425,9.89402880754,26.6543601627,0.435595820782,6.25804950989,0.0,5.17350742893,7.32662061185,4.85482152542,0.126213231173,0.148626249081,0.0,448.0502624587938,450.06105154139425,448.37092682088286,447.37157545903796
4.559999999999991,10.8599853756,10.3403845664,26.9445063033,0.443761275755,6.26645388026,0.0,5.15290005396,7.55211776727,4.81623336416,0.150793374402,0.111519256831,0.0,461.5024531103585,458.5799704841353,459.93136094143074,461.89055185254483
4.6199999999999894,11.1683975592,10.8000087667,27.2315816187,0.452508400892,6.27280925782,0.0,5.12690247554,7.76897079039,4.7524856129,0.133205864977,0.0913524770632,0.0,453.8379488274773,452.22529368410403,454.0029208603381,452.60839321104334
4.679999999999988,11.4751479593,11.2732130433,27.5158070443,0.460871752107,6.27834511268,0.0,5.09758653835,8.00461974161,4.72099184107,0.14952433605,0.0940268926162,0.0,464.7689901039596,464.9853706578819,464.8900837024825,466.1842227094596
4.739999999999987,11.7800134653,11.7582994984,27.7934159859,0.469648363532,0.0007327518558,0.0,5.06421908894,8.16539474379,4.53303236179,0.138839077417,0.0904910886759,0.0,412.0324654902491,411.72766648505683,410.0374966589652,409.10875246758314
4.799999999999986,12.0827986043,12.2537940864,28.061145826,0.477813553056,0.0066098360201,0.0,5.02819497141,8.35139375859,4.39136174621,0.129925939932,0.109766066893,0.0,425.93196972379076,427.5862623322698,428.0226744895859,427.2810631860727
4.859999999999984,12.3833173997,12.7612559936,28.3218322587,0.486183994268,0.0129918033628,0.0,4.98855914114,8.56417083421,4.29790280853,0.15387314518,0.098518354318,0.0,444.6779941280001,443.7652254655182,443.94029459167126,445.91913912701824
4.919999999999983,12.6813383915,13.2820445371,28.5778282797,0.495121519577,0.0189109286831,0.0,4.94497074989,8.7955777448,4.23467477793,0.136680908293,0.0989180177087,0.0,456.26450777044266,456.30450401699784,456.58873235294317,455.23467545995715
4.979999999999982,12.976663798,13.8162358579,28.8289862046,0.503139101033,0.024845275977,0.0,4.89874061233,9.01090870301,4.13694209967,0.126693270351,0.0988813374061,0.0,445.02748249610687,445.03287068188206,445.8188870181559,445.01815775957516
5.0399999999999805,13.2691155207,14.3634690462,29.0744088068,0.510619055932,0.0305883375238,0.0,4.84919290616,9.2302250163,4.04348611314,0.120271940469,0.0884970180215,0.0,447.7399471869755,446.901733309649,447.9037700586904,447.3950441929498
